#      seen     src     phi  s2prog  sample2      idx     rb rates[:3]
----------------------------------------------------------------------------------------------------
1     0.423   0.329   0.329    0.61     0.61        1  4.906 [4.91, 11.02, 14.79]
2     0.630   0.337   0.337    0.62     0.62        1  4.882 [4.88, 11.18, 14.71]
3     0.630   0.404   0.404    0.75     0.75        1  4.906 [4.91, 12.44, 14.74]
4     0.845   0.713   0.212    0.38     0.97        2  4.929 [4.93, 8.76, 14.72]
5     0.839   0.723   0.223    0.42     0.96        2  4.906 [4.91, 9.14, 14.62]
6     0.839   0.742   0.242    0.42     0.97        2  4.906 [4.91, 9.12, 14.74]
7     0.838   0.751   0.251    0.46     0.97        2  4.906 [4.91, 9.57, 14.7]
8     1.046   0.775   0.275    0.49     0.96        2  4.859 [4.86, 9.85, 14.62]
9     0.423   0.296   0.296    0.53     0.53        1  4.906 [4.91, 10.23, 14.74]
10    0.423   0.314   0.314    0.55     0.55        1  4.954 [4.95, 10.44, 14.67]
11    0.636   0.364   0.364    0.71     0.71        1  4.859 [4.86, 12.08, 14.88]
12    0.630   0.369   0.369    0.69     0.69        1  4.882 [4.88, 11.89, 14.6]
13    0.634   0.394   0.394    0.73     0.73        1  4.859 [4.86, 12.22, 14.69]
14    0.840   0.701   0.200    0.33     0.98        2  4.954 [4.95, 8.31, 14.77]
15    0.837   0.723   0.223    0.39     0.96        2  4.906 [4.91, 8.83, 14.6]
16    0.836   0.747   0.247    0.44     0.97        2  4.882 [4.88, 9.33, 14.65]
17    0.422   0.275   0.275    0.51     0.51        1  4.859 [4.86, 9.99, 14.46]
18    0.426   0.300   0.300    0.56     0.56        1  4.906 [4.91, 10.54, 14.62]
19    0.424   0.320   0.320    0.63     0.63        1  4.906 [4.91, 11.22, 14.29]
20    0.423   0.341   0.341    0.61     0.61        1  4.882 [4.88, 11.08, 14.67]
seen           mean=0.652 std=0.201 min=0.422 p50=0.632 max=1.046 CV=0.308
src            mean=0.496 std=0.203 min=0.275 p50=0.381 max=0.775 CV=0.408
sample_to_seen mean=0.156 std=0.073 min=0.082 p50=0.126 max=0.293 CV=0.468
phi            mean=0.296 std=0.062 min=0.200 p50=0.298 max=0.404 CV=0.208

corr(phi, idx_after) = -0.839
corr(phi, t50_seen) = -0.546
corr(phi, t50_source) = -0.738
corr(phi, sample_to_seen) = 0.541
corr(rate_before, t50_source) = 0.177
corr(progress_sample2, idx_after) = -0.835

by idx_after:
idx=1 n=12 phi_mean=0.337 seen_mean=0.510 src_mean=0.337 prog2_mean=0.623
idx=2 n=8 phi_mean=0.234 seen_mean=0.865 src_mean=0.734 prog2_mean=0.417
