#       t_50      phi sample_idx  rate_before  progress@s2 rates[:4]
----------------------------------------------------------------------------------------------
1      0.423    0.329          1        4.906         0.61 [4.91, 11.02, 14.79, 14.6]
2      0.630    0.337          1        4.882         0.62 [4.88, 11.18, 14.71, 14.74]
3      0.630    0.404          1        4.906         0.75 [4.91, 12.44, 14.74, 14.67]
4      0.845    0.212          2        4.929         0.38 [4.93, 8.76, 14.72, 14.65]
5      0.839    0.223          2        4.906         0.42 [4.91, 9.14, 14.62, 14.74]
6      0.839    0.242          2        4.906         0.42 [4.91, 9.12, 14.74, 15.07]
7      0.838    0.251          2        4.906         0.46 [4.91, 9.57, 14.7, 14.62]
8      1.046    0.275          2        4.859         0.49 [4.86, 9.85, 14.62, 14.88]
9      0.423    0.296          1        4.906         0.53 [4.91, 10.23, 14.74, 14.93]
10     0.423    0.314          1        4.954         0.55 [4.95, 10.44, 14.67, 14.69]
11     0.636    0.364          1        4.859         0.71 [4.86, 12.08, 14.88, 14.43]
12     0.630    0.369          1        4.882         0.69 [4.88, 11.89, 14.6, 14.74]
13     0.634    0.394          1        4.859         0.73 [4.86, 12.22, 14.69, 14.53]
14     0.840    0.200          2        4.954         0.33 [4.95, 8.31, 14.77, 14.55]
15     0.837    0.223          2        4.906         0.39 [4.91, 8.83, 14.6, 14.69]
16     0.836    0.247          2        4.882         0.44 [4.88, 9.33, 14.65, 14.78]
17     0.422    0.275          1        4.859         0.51 [4.86, 9.99, 14.46, 14.77]
18     0.426    0.300          1        4.906         0.56 [4.91, 10.54, 14.62, 14.69]
19     0.424    0.320          1        4.906         0.63 [4.91, 11.22, 14.29, 14.7]
20     0.423    0.341          1        4.882         0.61 [4.88, 11.08, 14.67, 14.69]

t_50   mean=0.652  std=0.201  min=0.422  max=1.046  CV=0.308
phi    mean=0.296  std=0.062  min=0.200  max=0.404   expected U(0,0.50): mean=0.250

corr(phi, sample_idx) = -0.839    H_phase expects strong negative (< -0.6)
corr(phi, t_50)       = -0.546    H_phase expects weak (|r| < 0.3)
corr(rate_before,t_50)= -0.012    H_ramp expects strong (|r| > 0.5)
corr(progress2,idx)   = -0.835    sanity: progress at sample2 should predict idx

largest t_50 gap: 0.204 between 0.426 and 0.630
OLS: t50 = 12.106 -2.218*phi -2.205*rate_before

VERDICT: H_ramp_or_mixed
RULE: Delta(T) should include a physical/ramp reserve; remeasure under Phase-7 delay/bw axes.
